ops:
  OP1:
    tau_high: 0.20000000298023224
    tau_low: 0.15600000321865082
    precision: 1.0
    recall: 1.0
    f1: 1.0
    fa24h: 0.0
    mean_delay_s: 1.04347825050354
    median_delay_s: 0.5217390060424805
    n_gt_events: 5
    n_alert_events: 5
    n_true_alerts: 5
    n_false_alerts: 0
  OP2:
    tau_high: 0.7099999785423279
    tau_low: 0.5537999868392944
    precision: 1.0
    recall: 1.0
    f1: 1.0
    fa24h: 0.0
    mean_delay_s: 3.13043475151062
    median_delay_s: 3.130434513092041
    n_gt_events: 5
    n_alert_events: 5
    n_true_alerts: 5
    n_false_alerts: 0
  OP3:
    tau_high: 0.949999988079071
    tau_low: 0.7409999966621399
    precision: 1.0
    recall: 0.20000000298023224
    f1: 0.3333333432674408
    fa24h: 0.0
    mean_delay_s: 7.304347515106201
    median_delay_s: 7.304347515106201
    n_gt_events: 5
    n_alert_events: 1
    n_true_alerts: 1
    n_false_alerts: 0
ops_meta:
  picker: "conservative"
  tie_break: "max_thr"
  min_tau_high: 0.2
  op1_recall: 0.95
  op3_fa24h: 1.0
  op2_objective: "f1"
  cost_fn: 5.0
  cost_fp: 1.0
  idx:
    OP1: 19
    OP2: 70
    OP3: 94
alert_cfg:
  ema_alpha: 0.2
  k: 2
  n: 3
  tau_high: 0.5
  tau_low: 0.4
  cooldown_s: 30.0
  confirm: false
  confirm_s: 2.0
  confirm_min_lying: 0.65
  confirm_max_motion: 0.08
  confirm_require_low: true
  start_guard_max_lying: null
  start_guard_prefixes: null
alert_base:
  ema_alpha: 0.2
  k: 2
  n: 3
  tau_high: 0.5
  tau_low: 0.4
  cooldown_s: 30.0
  confirm: false
  confirm_s: 2.0
  confirm_min_lying: 0.65
  confirm_max_motion: 0.08
  confirm_require_low: true
  start_guard_max_lying: null
  start_guard_prefixes: null
sweep_meta:
  n_videos: 10
  total_duration_s: 90.78260869565219
  n_fa_videos: 0
  total_duration_s_fa: 0.0
  merge_gap_s: 1.0
  time_mode: "center"
  overlap_slack_s: 0.5
sweep_cfg:
  thr_min: 0.01
  thr_max: 0.95
  thr_step: 0.01
  tau_low_ratio: 0.78
sweep_json: "tcn_caucafall_r1_augreg.sweep.json"
calibration:
  method: "temperature"
  T: 1.8992348909378052
  n_val: 144
  nll_before: 0.15646764636039734
  nll_after: 0.12182887643575668
  ece_before: 0.0544363735098224
  ece_after: 0.05596274791747016
model:
  arch: "tcn"
  ckpt: "../../outputs/caucafall_tcn_W48S12_r1_augreg/best.pt"
  model_cfg:
    hidden: 128
    dropout: 0.4
    num_blocks: 4
    kernel: 3
    use_tsm: false
    tsm_fold_div: 8
    in_ch: 264
    num_joints: 33
  feat_cfg:
    center: "pelvis"
    use_motion: true
    use_bone: true
    use_bone_length: true
    use_conf_channel: true
    motion_scale_by_fps: true
    conf_gate: 0.2
    use_precomputed_mask: true
