ops:
  OP1:
    tau_high: 0.6200000047683716
    tau_low: 0.483599990606308
    precision: 0.8999999761581421
    recall: 0.8999999761581421
    f1: 0.8999999761581421
    fa24h: 445.6846008300781
    mean_delay_s: 2.411085605621338
    median_delay_s: 2.499959945678711
    n_gt_events: 10
    n_alert_events: 10
    n_true_alerts: 9
    n_false_alerts: 1
  OP2:
    tau_high: 0.6200000047683716
    tau_low: 0.483599990606308
    precision: 0.8999999761581421
    recall: 0.8999999761581421
    f1: 0.8999999761581421
    fa24h: 445.6846008300781
    mean_delay_s: 2.411085605621338
    median_delay_s: 2.499959945678711
    n_gt_events: 10
    n_alert_events: 10
    n_true_alerts: 9
    n_false_alerts: 1
  OP3:
    tau_high: 0.6499999761581421
    tau_low: 0.5069999694824219
    precision: 1.0
    recall: 0.6000000238418579
    f1: 0.75
    fa24h: 0.0
    mean_delay_s: 2.383308172225952
    median_delay_s: 2.4499802589416504
    n_gt_events: 10
    n_alert_events: 6
    n_true_alerts: 6
    n_false_alerts: 0
ops_meta:
  picker: "conservative"
  tie_break: "max_thr"
  min_tau_high: 0.2
  op1_recall: 0.95
  op3_fa24h: 1.0
  op2_objective: "f1"
  op1_fa24h_cap: -1.0
  op3_recall_floor: -1.0
  cost_fn: 5.0
  cost_fp: 1.0
  idx:
    OP1: 61
    OP2: 61
    OP3: 64
alert_cfg:
  ema_alpha: 0.2
  k: 2
  n: 3
  tau_high: 0.5
  tau_low: 0.4
  cooldown_s: 30.0
  confirm: false
  confirm_s: 2.0
  confirm_min_lying: 0.65
  confirm_max_motion: 0.08
  confirm_require_low: true
  start_guard_max_lying: null
  start_guard_prefixes: null
alert_base:
  ema_alpha: 0.2
  k: 2
  n: 3
  tau_high: 0.5
  tau_low: 0.4
  cooldown_s: 30.0
  confirm: false
  confirm_s: 2.0
  confirm_min_lying: 0.65
  confirm_max_motion: 0.08
  confirm_require_low: true
  start_guard_max_lying: null
  start_guard_prefixes: null
sweep_meta:
  n_videos: 13
  total_duration_s: 193.85906553330648
  n_fa_videos: 0
  total_duration_s_fa: 0.0
  merge_gap_s: 1.0
  time_mode: "center"
  overlap_slack_s: 0.5
sweep_cfg:
  thr_min: 0.01
  thr_max: 0.95
  thr_step: 0.01
  tau_low_ratio: 0.78
sweep_json: "tcn_le2i_papertrack.sweep.json"
calibration:
  method: "temperature"
  T: 1.1501679420471191
  n_val: 332
  nll_before: 0.19404666125774384
  nll_after: 0.1918240785598755
  ece_before: 0.07154723435041103
  ece_after: 0.07880241191928755
model:
  arch: "tcn"
  ckpt: "../../outputs/le2i_tcn_W48S12/best.pt"
  model_cfg:
    hidden: 128
    dropout: 0.3
    num_blocks: 4
    kernel: 3
    use_tsm: false
    tsm_fold_div: 8
    in_ch: 264
    num_joints: 33
  feat_cfg:
    center: "pelvis"
    use_motion: true
    use_bone: true
    use_bone_length: true
    use_conf_channel: true
    motion_scale_by_fps: true
    conf_gate: 0.2
    use_precomputed_mask: true
