ops:
  OP1:
    tau_high: 0.23999999463558197
    tau_low: 0.18719999492168427
    precision: 0.20000000298023224
    recall: 0.3499999940395355
    f1: 0.2545454502105713
    fa24h: 1184.4630126953125
    mean_delay_s: 0.6444448828697205
    median_delay_s: 0.40000057220458984
    n_gt_events: 40
    n_alert_events: 45
    n_true_alerts: 9
    n_false_alerts: 36
  OP2:
    tau_high: 0.38999998569488525
    tau_low: 0.3041999936103821
    precision: 0.25
    recall: 0.2750000059604645
    f1: 0.261904776096344
    fa24h: 690.936767578125
    mean_delay_s: 0.7428566813468933
    median_delay_s: 0.7999992370605469
    n_gt_events: 40
    n_alert_events: 28
    n_true_alerts: 7
    n_false_alerts: 21
  OP3:
    tau_high: 0.949999988079071
    tau_low: 0.7409999966621399
    precision: null
    recall: 0.0
    f1: null
    fa24h: 0.0
    mean_delay_s: null
    median_delay_s: null
    n_gt_events: 40
    n_alert_events: 0
    n_true_alerts: 0
    n_false_alerts: 0
ops_meta:
  picker: "conservative"
  tie_break: "max_thr"
  min_tau_high: 0.2
  op1_recall: 0.95
  op3_fa24h: 1.0
  op2_objective: "f1"
  op1_fa24h_cap: -1.0
  op3_recall_floor: -1.0
  cost_fn: 5.0
  cost_fp: 1.0
  idx:
    OP1: 23
    OP2: 38
    OP3: 94
alert_cfg:
  ema_alpha: 0.2
  k: 2
  n: 3
  tau_high: 0.5
  tau_low: 0.4
  cooldown_s: 30.0
  confirm: false
  confirm_s: 2.0
  confirm_min_lying: 0.65
  confirm_max_motion: 0.08
  confirm_require_low: true
  start_guard_max_lying: null
  start_guard_prefixes: null
alert_base:
  ema_alpha: 0.2
  k: 2
  n: 3
  tau_high: 0.5
  tau_low: 0.4
  cooldown_s: 30.0
  confirm: false
  confirm_s: 2.0
  confirm_min_lying: 0.65
  confirm_max_motion: 0.08
  confirm_require_low: true
  start_guard_max_lying: null
  start_guard_prefixes: null
sweep_meta:
  n_videos: 40
  total_duration_s: 2626.0000000000005
  n_fa_videos: 0
  total_duration_s_fa: 0.0
  merge_gap_s: 1.0
  time_mode: "center"
  overlap_slack_s: 0.5
sweep_cfg:
  thr_min: 0.01
  thr_max: 0.95
  thr_step: 0.01
  tau_low_ratio: 0.78
sweep_json: "gcn_muvim_r3a.sweep.json"
calibration:
  method: "temperature"
  T: 0.6078903675079346
  n_val: 6445
  nll_before: 0.20749488472938538
  nll_after: 0.1807468682527542
  ece_before: 0.1092883468059469
  ece_after: 0.06306428660207129
model:
  arch: "gcn"
  ckpt: "../../outputs/muvim_gcn_W48S12_r3a_unbalanced/best.pt"
  model_cfg:
    num_joints: 33
    gcn_hidden: 96
    tcn_hidden: 192
    dropout: 0.2
    use_se: true
    two_stream: true
    fuse: "concat"
    use_adaptive_adj: false
    adaptive_adj_embed: 16
    use_ctr_gcn_lite: false
    ctr_rank: 4
    stream_drop_joint_p: 0.0
    stream_drop_motion_p: 0.0
    in_feats_j: 6
    in_feats_m: 2
  feat_cfg:
    center: "pelvis"
    use_motion: true
    use_bone: true
    use_bone_length: true
    use_conf_channel: true
    motion_scale_by_fps: true
    conf_gate: 0.2
    use_precomputed_mask: true
