ops:
  OP1:
    tau_high: 0.3699999749660492
    tau_low: 0.28859996795654297
    precision: 0.17391304671764374
    recall: 0.4000000059604645
    f1: 0.24242424964904785
    fa24h: 1875.39990234375
    mean_delay_s: 0.40000009536743164
    median_delay_s: 0.0
    n_gt_events: 40
    n_alert_events: 69
    n_true_alerts: 12
    n_false_alerts: 57
  OP2:
    tau_high: 0.7099999785423279
    tau_low: 0.5537999868392944
    precision: 0.36000001430511475
    recall: 0.32499998807907104
    f1: 0.3416058421134949
    fa24h: 526.4280395507812
    mean_delay_s: 0.8444449305534363
    median_delay_s: 0.7999992370605469
    n_gt_events: 40
    n_alert_events: 25
    n_true_alerts: 9
    n_false_alerts: 16
  OP3:
    tau_high: 0.85999995470047
    tau_low: 0.670799970626831
    precision: 1.0
    recall: 0.07500000298023224
    f1: 0.13953489065170288
    fa24h: 0.0
    mean_delay_s: 1.0666662454605103
    median_delay_s: 1.5999984741210938
    n_gt_events: 40
    n_alert_events: 3
    n_true_alerts: 3
    n_false_alerts: 0
ops_meta:
  picker: "conservative"
  tie_break: "max_thr"
  min_tau_high: 0.2
  op1_recall: 0.95
  op3_fa24h: 1.0
  op2_objective: "f1"
  op1_fa24h_cap: -1.0
  op3_recall_floor: -1.0
  cost_fn: 5.0
  cost_fp: 1.0
  idx:
    OP1: 36
    OP2: 70
    OP3: 85
alert_cfg:
  ema_alpha: 0.2
  k: 2
  n: 3
  tau_high: 0.5
  tau_low: 0.4
  cooldown_s: 30.0
  confirm: false
  confirm_s: 2.0
  confirm_min_lying: 0.65
  confirm_max_motion: 0.08
  confirm_require_low: true
  start_guard_max_lying: null
  start_guard_prefixes: null
alert_base:
  ema_alpha: 0.2
  k: 2
  n: 3
  tau_high: 0.5
  tau_low: 0.4
  cooldown_s: 30.0
  confirm: false
  confirm_s: 2.0
  confirm_min_lying: 0.65
  confirm_max_motion: 0.08
  confirm_require_low: true
  start_guard_max_lying: null
  start_guard_prefixes: null
sweep_meta:
  n_videos: 40
  total_duration_s: 2626.0000000000005
  n_fa_videos: 0
  total_duration_s_fa: 0.0
  merge_gap_s: 1.0
  time_mode: "center"
  overlap_slack_s: 0.5
sweep_cfg:
  thr_min: 0.01
  thr_max: 0.95
  thr_step: 0.01
  tau_low_ratio: 0.78
sweep_json: "gcn_muvim_r3b_smoke.sweep.json"
calibration:
  method: "temperature"
  T: 1.6375311613082886
  n_val: 6445
  nll_before: 0.5471957325935364
  nll_after: 0.5088106393814087
  ece_before: 0.2849930230759547
  ece_after: 0.3176274920493665
model:
  arch: "gcn"
  ckpt: "../../outputs/muvim_gcn_W48S12_r3b_smoke/best.pt"
  model_cfg:
    num_joints: 33
    gcn_hidden: 96
    tcn_hidden: 192
    dropout: 0.2
    use_se: true
    two_stream: true
    fuse: "concat"
    use_adaptive_adj: false
    adaptive_adj_embed: 16
    use_ctr_gcn_lite: false
    ctr_rank: 4
    stream_drop_joint_p: 0.0
    stream_drop_motion_p: 0.0
    in_feats_j: 6
    in_feats_m: 2
  feat_cfg:
    center: "pelvis"
    use_motion: true
    use_bone: true
    use_bone_length: true
    use_conf_channel: true
    motion_scale_by_fps: true
    conf_gate: 0.2
    use_precomputed_mask: true
