ops:
  OP1:
    tau_high: 0.32999998331069946
    tau_low: 0.2573999762535095
    precision: 0.40625
    recall: 0.42500001192092896
    f1: 0.4154135286808014
    fa24h: 625.13330078125
    mean_delay_s: 1.0615384578704834
    median_delay_s: 0.8000030517578125
    n_gt_events: 40
    n_alert_events: 32
    n_true_alerts: 13
    n_false_alerts: 19
  OP2:
    tau_high: 0.3799999952316284
    tau_low: 0.2964000105857849
    precision: 0.4333333373069763
    recall: 0.4000000059604645
    f1: 0.41600000858306885
    fa24h: 559.3297729492188
    mean_delay_s: 1.2153847217559814
    median_delay_s: 1.2000007629394531
    n_gt_events: 40
    n_alert_events: 30
    n_true_alerts: 13
    n_false_alerts: 17
  OP3:
    tau_high: 0.949999988079071
    tau_low: 0.7409999966621399
    precision: null
    recall: 0.0
    f1: null
    fa24h: 0.0
    mean_delay_s: null
    median_delay_s: null
    n_gt_events: 40
    n_alert_events: 0
    n_true_alerts: 0
    n_false_alerts: 0
ops_meta:
  picker: "conservative"
  tie_break: "max_thr"
  min_tau_high: 0.2
  op1_recall: 0.95
  op3_fa24h: 1.0
  op2_objective: "f1"
  op1_fa24h_cap: -1.0
  op3_recall_floor: -1.0
  cost_fn: 5.0
  cost_fp: 1.0
  idx:
    OP1: 32
    OP2: 37
    OP3: 94
alert_cfg:
  ema_alpha: 0.2
  k: 2
  n: 3
  tau_high: 0.5
  tau_low: 0.4
  cooldown_s: 30.0
  confirm: false
  confirm_s: 2.0
  confirm_min_lying: 0.65
  confirm_max_motion: 0.08
  confirm_require_low: true
  start_guard_max_lying: null
  start_guard_prefixes: null
alert_base:
  ema_alpha: 0.2
  k: 2
  n: 3
  tau_high: 0.5
  tau_low: 0.4
  cooldown_s: 30.0
  confirm: false
  confirm_s: 2.0
  confirm_min_lying: 0.65
  confirm_max_motion: 0.08
  confirm_require_low: true
  start_guard_max_lying: null
  start_guard_prefixes: null
sweep_meta:
  n_videos: 40
  total_duration_s: 2626.0000000000005
  n_fa_videos: 0
  total_duration_s_fa: 0.0
  merge_gap_s: 1.0
  time_mode: "center"
  overlap_slack_s: 0.5
sweep_cfg:
  thr_min: 0.01
  thr_max: 0.95
  thr_step: 0.01
  tau_low_ratio: 0.78
sweep_json: "tcn_muvim_r3a.sweep.json"
calibration:
  method: "temperature"
  T: 0.8566625714302063
  n_val: 6445
  nll_before: 0.15468895435333252
  nll_after: 0.15211261808872223
  ece_before: 0.060363078895454544
  ece_after: 0.04897105340928129
model:
  arch: "tcn"
  ckpt: "../../outputs/muvim_tcn_W48S12_r3a_unbalanced/best.pt"
  model_cfg:
    hidden: 128
    dropout: 0.25
    num_blocks: 4
    kernel: 3
    use_tsm: false
    tsm_fold_div: 8
    in_ch: 264
    num_joints: 33
  feat_cfg:
    center: "pelvis"
    use_motion: true
    use_bone: true
    use_bone_length: true
    use_conf_channel: true
    motion_scale_by_fps: true
    conf_gate: 0.2
    use_precomputed_mask: true
