arch: "gcn"
ckpt: "outputs/urfd_gcn_W48S12_hnm/best.pt"
feat_cfg:
  center: "pelvis"
  use_motion: true
  use_conf_channel: true
  motion_scale_by_fps: true
  conf_gate: 0.2
  use_precomputed_mask: true
alert_cfg:
  ema_alpha: 0.2
  k: 2
  n: 3
  tau_high: 0.47999998927116394
  tau_low: 0.28799999356269834
  cooldown_s: 30.0
ops:
  op1:
    tau_high: 0.009999999776482582
    tau_low: 0.005999999865889549
    precision: 0.43478260869565216
    recall: 0.9090909090909091
    f1: 0.5882352941176471
    fa24h: 7756.906077348069
    fa_per_hour: 323.2044198895029
    mean_delay_s: 0.3999999165534973
    median_delay_s: 0.3999999165534973
    hits_boundary: true
  op2:
    tau_high: 0.47999998927116394
    tau_low: 0.28799999356269834
    precision: 1.0
    recall: 0.5454545454545454
    f1: 0.7058823529411764
    fa24h: 0.0
    fa_per_hour: 0.0
    mean_delay_s: 0.5999999443689982
    median_delay_s: 0.3999999165534973
    hits_boundary: false
  op3:
    tau_high: 0.47999998927116394
    tau_low: 0.28799999356269834
    precision: 1.0
    recall: 0.5454545454545454
    f1: 0.7058823529411764
    fa24h: 0.0
    fa_per_hour: 0.0
    mean_delay_s: 0.5999999443689982
    median_delay_s: 0.3999999165534973
    hits_boundary: false
sweep_meta:
  n_videos: 24
  total_duration_s: 144.79999999999995
  merge_gap_s: 1.0
  time_mode: "center"
  overlap_slack_s: 0.5
pareto_idx: "[47, 46, 20]"
