ops:
  OP1:
    tau_high: 0.4999999701976776
    tau_low: 0.38999998569488525
    precision: 0.9090909361839294
    recall: 1.0
    f1: 0.9523809552192688
    fa24h: 440.0999450683594
    mean_delay_s: 1.621984839439392
    median_delay_s: 1.4999759197235107
    n_gt_events: 10
    n_alert_events: 11
    n_true_alerts: 10
    n_false_alerts: 1
  OP2:
    tau_high: 0.4999999701976776
    tau_low: 0.38999998569488525
    precision: 0.9090909361839294
    recall: 1.0
    f1: 0.9523809552192688
    fa24h: 440.0999450683594
    mean_delay_s: 1.621984839439392
    median_delay_s: 1.4999759197235107
    n_gt_events: 10
    n_alert_events: 11
    n_true_alerts: 10
    n_false_alerts: 1
  OP3:
    tau_high: 0.6799999475479126
    tau_low: 0.5303999781608582
    precision: 1.0
    recall: 0.6000000238418579
    f1: 0.75
    fa24h: 0.0
    mean_delay_s: 2.529979944229126
    median_delay_s: 2.499959945678711
    n_gt_events: 10
    n_alert_events: 6
    n_true_alerts: 6
    n_false_alerts: 0
ops_meta:
  picker: "conservative"
  tie_break: "max_thr"
  min_tau_high: 0.2
  op1_recall: 0.95
  op3_fa24h: 1.0
  idx:
    OP1: 49
    OP2: 49
    OP3: 67
alert_cfg:
  ema_alpha: 0.2
  k: 2
  n: 3
  tau_high: 0.5
  tau_low: 0.4
  cooldown_s: 30.0
  confirm: false
  confirm_s: 2.0
  confirm_min_lying: 0.65
  confirm_max_motion: 0.08
  confirm_require_low: true
alert_base:
  ema_alpha: 0.2
  k: 2
  n: 3
  tau_high: 0.5
  tau_low: 0.4
  cooldown_s: 30.0
  confirm: false
  confirm_s: 2.0
  confirm_min_lying: 0.65
  confirm_max_motion: 0.08
  confirm_require_low: true
sweep_meta:
  n_videos: 13
  total_duration_s: 196.319041572622
  n_fa_videos: 0
  total_duration_s_fa: 0.0
  merge_gap_s: 1.0
  time_mode: "center"
  overlap_slack_s: 0.5
sweep_cfg:
  thr_min: 0.01
  thr_max: 0.95
  thr_step: 0.01
  tau_low_ratio: 0.78
sweep_json: "/Users/ruzhan/computer_science/Goldsmiths/Final_Project/fall_detection_v2/configs/ops/gcn_le2i.sweep.json"
calibration:
  method: "temperature"
  T: 1.4372668266296387
  n_val: 365
  nll_before: 0.21507912874221802
  nll_after: 0.19746887683868408
  ece_before: 0.06174654089690232
  ece_after: 0.07949354582472565
model:
  arch: "gcn"
  ckpt: "/Users/ruzhan/computer_science/Goldsmiths/Final_Project/fall_detection_v2/outputs/le2i_gcn_W48S12/best.pt"
  model_cfg:
    num_joints: 33
    gcn_hidden: 96
    tcn_hidden: 192
    dropout: 0.35
    use_se: true
    two_stream: true
    fuse: "concat"
    in_feats_j: 6
    in_feats_m: 2
  feat_cfg:
    center: "pelvis"
    use_motion: true
    use_bone: true
    use_bone_length: true
    use_conf_channel: true
    motion_scale_by_fps: true
    conf_gate: 0.2
    use_precomputed_mask: true
