arch: "gcn"
ckpt: "outputs/muvim_gcn_W48S12/best.pt"
feat_cfg:
  center: "pelvis"
  use_motion: true
  use_conf_channel: true
  motion_scale_by_fps: true
  conf_gate: 0.2
  use_precomputed_mask: true
alert_cfg:
  ema_alpha: 0.2
  k: 2
  n: 3
  tau_high: 0.3799999952316284
  tau_low: 0.22799999713897703
  cooldown_s: 30.0
ops:
  op1:
    tau_high: 0.3799999952316284
    tau_low: 0.22799999713897703
    precision: 0.9702970297029703
    recall: 0.975
    f1: 0.9726428298765746
    fa24h: 30.198527355764753
    fa_per_hour: 1.2582719731568648
    mean_delay_s: 0.9530612984482123
    median_delay_s: 0.8000030517578125
    hits_boundary: false
  op2:
    tau_high: 0.3799999952316284
    tau_low: 0.22799999713897703
    precision: 0.9702970297029703
    recall: 0.975
    f1: 0.9726428298765746
    fa24h: 30.198527355764753
    fa_per_hour: 1.2582719731568648
    mean_delay_s: 0.9530612984482123
    median_delay_s: 0.8000030517578125
    hits_boundary: false
  op3:
    tau_high: 0.75
    tau_low: 0.44999999999999996
    precision: 1.0
    recall: 0.09166666666666666
    f1: 0.16793893129770993
    fa24h: 0.0
    fa_per_hour: 0.0
    mean_delay_s: 1.8181825117631392
    median_delay_s: 2.0
    hits_boundary: false
sweep_meta:
  n_videos: 136
  total_duration_s: 8583.199999999999
  merge_gap_s: 1.0
  time_mode: "center"
  overlap_slack_s: 0.5
pareto_idx: "[94, 74, 73, 64, 61, 59, 58, 57, 56, 55, 45, 44, 42, 37, 25, 24]"
