arch: "gcn"
ckpt: "outputs/muvim_gcn_W48S12/best.pt"
feat_cfg:
  center: "pelvis"
  use_motion: true
  use_conf_channel: true
  motion_scale_by_fps: true
  conf_gate: 0.2
  use_precomputed_mask: true
alert_cfg:
  ema_alpha: 0.2
  k: 2
  n: 3
  tau_high: 0.019999999552965164
  tau_low: 0.011999999731779098
  cooldown_s: 30.0
ops:
  op1:
    tau_high: 0.019999999552965164
    tau_low: 0.011999999731779098
    precision: 0.725
    recall: 0.8787878787878788
    f1: 0.7945205479452054
    fa24h: 1754.7459618990656
    fa_per_hour: 73.11441507912772
    mean_delay_s: 0.8013765359746998
    median_delay_s: 0.4799995422363281
    hits_boundary: false
  op2:
    tau_high: 0.019999999552965164
    tau_low: 0.011999999731779098
    precision: 0.725
    recall: 0.8787878787878788
    f1: 0.7945205479452054
    fa24h: 1754.7459618990656
    fa_per_hour: 73.11441507912772
    mean_delay_s: 0.8013765359746998
    median_delay_s: 0.4799995422363281
    hits_boundary: false
  op3:
    tau_high: 0.8399999737739563
    tau_low: 0.5039999842643738
    precision: 0.0
    recall: 0.0
    f1: nan
    fa24h: 159.52236017264232
    fa_per_hour: 6.64676500719343
    mean_delay_s: nan
    median_delay_s: nan
    hits_boundary: false
sweep_meta:
  n_videos: 48
  total_duration_s: 541.6168611503366
  merge_gap_s: 1.0
  time_mode: "center"
  overlap_slack_s: 0.5
pareto_idx: "[94, 82, 77, 36, 35, 31, 29, 28, 27, 21, 20, 19, 5, 4, 1]"
