arch: "gcn"
ckpt: "outputs/muvim_gcn_W48S12/best.pt"
feat_cfg:
  center: "pelvis"
  use_motion: true
  use_conf_channel: true
  motion_scale_by_fps: true
  conf_gate: 0.2
  use_precomputed_mask: true
alert_cfg:
  ema_alpha: 0.2
  k: 2
  n: 3
  tau_high: 0.15000000596046448
  tau_low: 0.09000000357627869
  cooldown_s: 30.0
ops:
  op1:
    tau_high: 0.009999999776482582
    tau_low: 0.005999999865889549
    precision: 0.35294117647058826
    recall: 0.5454545454545454
    f1: 0.42857142857142855
    fa24h: 6563.535911602212
    fa_per_hour: 273.48066298342553
    mean_delay_s: 1.399999996026357
    median_delay_s: 1.4000000357627869
    hits_boundary: true
  op2:
    tau_high: 0.15000000596046448
    tau_low: 0.09000000357627869
    precision: 0.5555555555555556
    recall: 0.45454545454545453
    f1: 0.5
    fa24h: 2386.7403314917137
    fa_per_hour: 99.44751381215472
    mean_delay_s: 1.3599999785423278
    median_delay_s: 1.6000000834465027
    hits_boundary: false
  op3:
    tau_high: 0.35999998450279236
    tau_low: 0.21599999070167542
    precision: 1.0
    recall: 0.09090909090909091
    f1: 0.16666666666666669
    fa24h: 0.0
    fa_per_hour: 0.0
    mean_delay_s: 0.3999999165534973
    median_delay_s: 0.3999999165534973
    hits_boundary: false
sweep_meta:
  n_videos: 24
  total_duration_s: 144.79999999999995
  merge_gap_s: 1.0
  time_mode: "center"
  overlap_slack_s: 0.5
pareto_idx: "[47, 30, 14, 0]"
