arch: "tcn"
ckpt: "outputs/le2i_tcn_W48S12/best.pt"
feat_cfg:
  center: "pelvis"
  use_motion: true
  use_conf_channel: true
  motion_scale_by_fps: true
  conf_gate: 0.2
  use_precomputed_mask: true
alert_cfg:
  ema_alpha: 0.2
  k: 2
  n: 3
  tau_high: 0.009999999776482582
  tau_low: 0.005999999865889549
  cooldown_s: 30.0
ops:
  op1:
    tau_high: 0.009999999776482582
    tau_low: 0.005999999865889549
    precision: 0.6875
    recall: 1.0
    f1: 0.8148148148148148
    fa24h: 2392.8354025896347
    fa_per_hour: 99.70147510790144
    mean_delay_s: 0.029090906634475246
    median_delay_s: 0.0
    hits_boundary: true
  op2:
    tau_high: 0.009999999776482582
    tau_low: 0.005999999865889549
    precision: 0.6875
    recall: 1.0
    f1: 0.8148148148148148
    fa24h: 2392.8354025896347
    fa_per_hour: 99.70147510790144
    mean_delay_s: 0.029090906634475246
    median_delay_s: 0.0
    hits_boundary: true
  op3:
    tau_high: 0.5199999809265137
    tau_low: 0.3119999885559082
    precision: 1.0
    recall: 0.2727272727272727
    f1: 0.42857142857142855
    fa24h: 0.0
    fa_per_hour: 0.0
    mean_delay_s: 1.2333305146959093
    median_delay_s: 1.4399995803833008
    hits_boundary: false
sweep_meta:
  n_videos: 48
  total_duration_s: 541.6168611503366
  merge_gap_s: 1.0
  time_mode: "center"
  overlap_slack_s: 0.5
pareto_idx: "[94, 52, 51, 50, 49, 48, 0]"
