arch: "tcn"
ckpt: "outputs/urfd_tcn_W48S12_hnm/best.pt"
feat_cfg:
  center: "pelvis"
  use_motion: true
  use_conf_channel: true
  motion_scale_by_fps: true
  conf_gate: 0.2
  use_precomputed_mask: true
alert_cfg:
  ema_alpha: 0.2
  k: 2
  n: 3
  tau_high: 0.6499999761581421
  tau_low: 0.38999998569488525
  cooldown_s: 30.0
ops:
  op1:
    tau_high: 0.6499999761581421
    tau_low: 0.38999998569488525
    precision: 1.0
    recall: 0.9090909090909091
    f1: 0.9523809523809523
    fa24h: 0.0
    fa_per_hour: 0.0
    mean_delay_s: 0.43999992609024047
    median_delay_s: 0.3999999165534973
    hits_boundary: false
  op2:
    tau_high: 0.6499999761581421
    tau_low: 0.38999998569488525
    precision: 1.0
    recall: 0.9090909090909091
    f1: 0.9523809523809523
    fa24h: 0.0
    fa_per_hour: 0.0
    mean_delay_s: 0.43999992609024047
    median_delay_s: 0.3999999165534973
    hits_boundary: false
  op3:
    tau_high: 0.6499999761581421
    tau_low: 0.38999998569488525
    precision: 1.0
    recall: 0.9090909090909091
    f1: 0.9523809523809523
    fa24h: 0.0
    fa_per_hour: 0.0
    mean_delay_s: 0.43999992609024047
    median_delay_s: 0.3999999165534973
    hits_boundary: false
sweep_meta:
  n_videos: 24
  total_duration_s: 144.79999999999995
  merge_gap_s: 1.0
  time_mode: "center"
  overlap_slack_s: 0.5
pareto_idx: "[94, 64]"
