ops:
  OP1:
    tau_high: 0.20000000298023224
    tau_low: 0.15600000321865082
    precision: 0.800000011920929
    recall: 1.0
    f1: 0.8888888955116272
    fa24h: 274.1116638183594
    mean_delay_s: 0.3999999165534973
    median_delay_s: 0.3999999165534973
    n_gt_events: 4
    n_alert_events: 5
    n_true_alerts: 4
    n_false_alerts: 1
  OP2:
    tau_high: 0.9299999475479126
    tau_low: 0.7253999710083008
    precision: 0.8333333134651184
    recall: 1.0
    f1: 0.9090909361839294
    fa24h: 274.1116638183594
    mean_delay_s: 33.900001525878906
    median_delay_s: 31.19999885559082
    n_gt_events: 4
    n_alert_events: 6
    n_true_alerts: 5
    n_false_alerts: 1
  OP3:
    tau_high: 0.949999988079071
    tau_low: 0.7409999966621399
    precision: 0.800000011920929
    recall: 0.75
    f1: 0.774193525314331
    fa24h: 274.1116638183594
    mean_delay_s: 21.19999885559082
    median_delay_s: 0.3999999165534973
    n_gt_events: 4
    n_alert_events: 5
    n_true_alerts: 4
    n_false_alerts: 1
ops_meta:
  picker: "conservative"
  tie_break: "max_thr"
  min_tau_high: 0.2
  op1_recall: 0.95
  op3_fa24h: 1.0
  op2_objective: "f1"
  op1_fa24h_cap: -1.0
  op3_recall_floor: -1.0
  cost_fn: 5.0
  cost_fp: 1.0
  idx:
    OP1: 19
    OP2: 92
    OP3: 94
  confirm_fallback: "disabled_confirm_after_degenerate_sweep"
alert_cfg:
  ema_alpha: 0.2
  k: 2
  n: 3
  tau_high: 0.5
  tau_low: 0.4
  cooldown_s: 30.0
  confirm: false
  confirm_s: 2.0
  confirm_min_lying: 0.65
  confirm_max_motion: 0.08
  confirm_require_low: true
  start_guard_max_lying: null
  start_guard_prefixes: null
alert_base:
  ema_alpha: 0.2
  k: 2
  n: 3
  tau_high: 0.5
  tau_low: 0.4
  cooldown_s: 30.0
  confirm: false
  confirm_s: 2.0
  confirm_min_lying: 0.65
  confirm_max_motion: 0.08
  confirm_require_low: true
  start_guard_max_lying: null
  start_guard_prefixes: null
sweep_meta:
  n_videos: 5
  total_duration_s: 315.2
  n_fa_videos: 0
  total_duration_s_fa: 0.0
  merge_gap_s: 1.0
  time_mode: "center"
  overlap_slack_s: 0.5
sweep_cfg:
  thr_min: 0.01
  thr_max: 0.95
  thr_step: 0.01
  tau_low_ratio: 0.78
sweep_json: "tcn_muvim_quick.sweep.json"
calibration:
  method: "temperature"
  T: 2.6076231002807617
  n_val: 773
  nll_before: 0.5551172494888306
  nll_after: 0.3968924283981323
  ece_before: 0.10574898322294786
  ece_after: 0.05332830397925429
model:
  arch: "tcn"
  ckpt: "../../outputs/muvim_tcn_W48S12_quick/best.pt"
  model_cfg:
    hidden: 128
    dropout: 0.2
    num_blocks: 4
    kernel: 3
    use_tsm: false
    tsm_fold_div: 8
    in_ch: 264
    num_joints: 33
  feat_cfg:
    center: "pelvis"
    use_motion: true
    use_bone: true
    use_bone_length: true
    use_conf_channel: true
    motion_scale_by_fps: true
    conf_gate: 0.2
    use_precomputed_mask: true
