ops:
  OP1:
    tau_high: 0.4899999797344208
    tau_low: 0.3821999728679657
    precision: 0.5
    recall: 0.574999988079071
    f1: 0.5348837375640869
    fa24h: 559.3297729492188
    mean_delay_s: 1.0823533535003662
    median_delay_s: 1.2000007629394531
    n_gt_events: 40
    n_alert_events: 34
    n_true_alerts: 17
    n_false_alerts: 17
  OP2:
    tau_high: 0.5499999523162842
    tau_low: 0.42899996042251587
    precision: 0.5666666626930237
    recall: 0.550000011920929
    f1: 0.5582089424133301
    fa24h: 427.7227783203125
    mean_delay_s: 1.094117522239685
    median_delay_s: 1.0
    n_gt_events: 40
    n_alert_events: 30
    n_true_alerts: 17
    n_false_alerts: 13
  OP3:
    tau_high: 0.949999988079071
    tau_low: 0.7409999966621399
    precision: 0.0
    recall: 0.0
    f1: null
    fa24h: 32.90175247192383
    mean_delay_s: null
    median_delay_s: null
    n_gt_events: 40
    n_alert_events: 1
    n_true_alerts: 0
    n_false_alerts: 1
ops_meta:
  picker: "conservative"
  tie_break: "max_thr"
  min_tau_high: 0.2
  op1_recall: 0.95
  op3_fa24h: 1.0
  op2_objective: "f1"
  op1_fa24h_cap: -1.0
  op3_recall_floor: -1.0
  cost_fn: 5.0
  cost_fp: 1.0
  idx:
    OP1: 48
    OP2: 54
    OP3: 94
  confirm_fallback: "disabled_confirm_after_degenerate_sweep"
alert_cfg:
  ema_alpha: 0.2
  k: 2
  n: 3
  tau_high: 0.5
  tau_low: 0.4
  cooldown_s: 30.0
  confirm: false
  confirm_s: 2.0
  confirm_min_lying: 0.65
  confirm_max_motion: 0.08
  confirm_require_low: true
  start_guard_max_lying: null
  start_guard_prefixes: null
alert_base:
  ema_alpha: 0.2
  k: 2
  n: 3
  tau_high: 0.5
  tau_low: 0.4
  cooldown_s: 30.0
  confirm: false
  confirm_s: 2.0
  confirm_min_lying: 0.65
  confirm_max_motion: 0.08
  confirm_require_low: true
  start_guard_max_lying: null
  start_guard_prefixes: null
sweep_meta:
  n_videos: 40
  total_duration_s: 2626.0000000000005
  n_fa_videos: 0
  total_duration_s_fa: 0.0
  merge_gap_s: 1.0
  time_mode: "center"
  overlap_slack_s: 0.5
sweep_cfg:
  thr_min: 0.01
  thr_max: 0.95
  thr_step: 0.01
  tau_low_ratio: 0.78
sweep_json: "tcn_muvim.sweep.json"
calibration:
  method: "temperature"
  T: 1.4157116413116455
  n_val: 6445
  nll_before: 0.2883906960487366
  nll_after: 0.26936274766921997
  ece_before: 0.10263015590313475
  ece_after: 0.12984100388593203
model:
  arch: "tcn"
  ckpt: "../../outputs/muvim_tcn_W48S12/best.pt"
  model_cfg:
    hidden: 128
    dropout: 0.2
    num_blocks: 4
    kernel: 3
    use_tsm: false
    tsm_fold_div: 8
    in_ch: 264
    num_joints: 33
  feat_cfg:
    center: "pelvis"
    use_motion: true
    use_bone: true
    use_bone_length: true
    use_conf_channel: true
    motion_scale_by_fps: true
    conf_gate: 0.2
    use_precomputed_mask: true
