arch: "tcn"
ckpt: "outputs/caucafall_tcn_W48S12/best.pt"
feat_cfg:
  center: "pelvis"
  use_motion: true
  use_conf_channel: true
  motion_scale_by_fps: true
  conf_gate: 0.2
  use_precomputed_mask: true
alert_cfg:
  ema_alpha: 0.2
  k: 2
  n: 3
  tau_high: 0.6299999952316284
  tau_low: 0.37799999713897703
  cooldown_s: 30.0
ops:
  op1:
    tau_high: 0.6299999952316284
    tau_low: 0.37799999713897703
    precision: 0.9285714285714286
    recall: 1.0
    f1: 0.962962962962963
    fa24h: 360.78431372549005
    fa_per_hour: 15.032679738562084
    mean_delay_s: 0.7224080287493192
    median_delay_s: 0.52173912525177
    hits_boundary: false
  op2:
    tau_high: 0.6299999952316284
    tau_low: 0.37799999713897703
    precision: 0.9285714285714286
    recall: 1.0
    f1: 0.962962962962963
    fa24h: 360.78431372549005
    fa_per_hour: 15.032679738562084
    mean_delay_s: 0.7224080287493192
    median_delay_s: 0.52173912525177
    hits_boundary: false
  op3:
    tau_high: 0.6299999952316284
    tau_low: 0.37799999713897703
    precision: 0.9285714285714286
    recall: 1.0
    f1: 0.962962962962963
    fa24h: 360.78431372549005
    fa_per_hour: 15.032679738562084
    mean_delay_s: 0.7224080287493192
    median_delay_s: 0.52173912525177
    hits_boundary: false
sweep_meta:
  n_videos: 28
  total_duration_s: 239.4782608695653
  merge_gap_s: 1.0
  time_mode: "center"
  overlap_slack_s: 0.5
pareto_idx: "[94, 62]"
