arch: "tcn"
ckpt: "outputs/urfd_tcn_W48S12/best.pt"
feat_cfg:
  center: "pelvis"
  use_motion: true
  use_conf_channel: true
  motion_scale_by_fps: true
  conf_gate: 0.2
  use_precomputed_mask: true
alert_cfg:
  ema_alpha: 0.2
  k: 2
  n: 3
  tau_high: 0.5199999809265137
  tau_low: 0.3119999885559082
  cooldown_s: 30.0
ops:
  op1:
    tau_high: 0.5199999809265137
    tau_low: 0.3119999885559082
    precision: 0.8333333333333334
    recall: 0.9090909090909091
    f1: 0.8695652173913043
    fa24h: 1193.3701657458569
    fa_per_hour: 49.72375690607736
    mean_delay_s: 0.4799999237060547
    median_delay_s: 0.3999999165534973
    hits_boundary: false
  op2:
    tau_high: 0.5199999809265137
    tau_low: 0.3119999885559082
    precision: 0.8333333333333334
    recall: 0.9090909090909091
    f1: 0.8695652173913043
    fa24h: 1193.3701657458569
    fa_per_hour: 49.72375690607736
    mean_delay_s: 0.4799999237060547
    median_delay_s: 0.3999999165534973
    hits_boundary: false
  op3:
    tau_high: 0.6599999666213989
    tau_low: 0.39599997997283937
    precision: 1.0
    recall: 0.6363636363636364
    f1: 0.7777777777777778
    fa24h: 0.0
    fa_per_hour: 0.0
    mean_delay_s: 1.5999999131475175
    median_delay_s: 0.3999999165534973
    hits_boundary: false
sweep_meta:
  n_videos: 24
  total_duration_s: 144.79999999999995
  merge_gap_s: 1.0
  time_mode: "center"
  overlap_slack_s: 0.5
pareto_idx: "[94, 65, 59, 56]"
