ops:
  OP1:
    tau_high: 0.059999994933605194
    tau_low: 0.04679999500513077
    precision: 1.0
    recall: 0.6000000238418579
    f1: 0.75
    fa24h: 0.0
    mean_delay_s: 2.6086957454681396
    median_delay_s: 3.13043475151062
    n_gt_events: 5
    n_alert_events: 3
    n_true_alerts: 3
    n_false_alerts: 0
  OP2:
    tau_high: 0.059999994933605194
    tau_low: 0.04679999500513077
    precision: 1.0
    recall: 0.6000000238418579
    f1: 0.75
    fa24h: 0.0
    mean_delay_s: 2.6086957454681396
    median_delay_s: 3.13043475151062
    n_gt_events: 5
    n_alert_events: 3
    n_true_alerts: 3
    n_false_alerts: 0
  OP3:
    tau_high: 0.059999994933605194
    tau_low: 0.04679999500513077
    precision: 1.0
    recall: 0.6000000238418579
    f1: 0.75
    fa24h: 0.0
    mean_delay_s: 2.6086957454681396
    median_delay_s: 3.13043475151062
    n_gt_events: 5
    n_alert_events: 3
    n_true_alerts: 3
    n_false_alerts: 0
ops_meta:
  picker: "conservative"
  tie_break: "min_thr"
  min_tau_high: 0.05
  op1_recall: 0.95
  op3_fa24h: 1.0
  idx:
    OP1: 5
    OP2: 5
    OP3: 5
alert_cfg:
  ema_alpha: 0.2
  k: 2
  n: 3
  tau_high: 0.5
  tau_low: 0.4
  cooldown_s: 30.0
  confirm: true
  confirm_s: 3.0
  confirm_min_lying: 0.55
  confirm_max_motion: 0.15
  confirm_require_low: false
alert_base:
  ema_alpha: 0.2
  k: 2
  n: 3
  tau_high: 0.5
  tau_low: 0.4
  cooldown_s: 30.0
  confirm: true
  confirm_s: 3.0
  confirm_min_lying: 0.55
  confirm_max_motion: 0.15
  confirm_require_low: false
sweep_meta:
  n_videos: 10
  total_duration_s: 90.78260869565219
  n_fa_videos: 0
  total_duration_s_fa: 0.0
  merge_gap_s: 1.0
  time_mode: "center"
  overlap_slack_s: 0.5
sweep_cfg:
  thr_min: 0.01
  thr_max: 0.95
  thr_step: 0.01
  tau_low_ratio: 0.78
sweep_json: "/Users/ruzhan/computer_science/Goldsmiths/Final_Project/fall_detection_v2/configs/ops/tcn_caucafall.sweep.json"
calibration:
  method: "temperature"
  T: 1.5888422727584839
  n_val: 144
  nll_before: 0.07575614005327225
  nll_after: 0.06458017230033875
  ece_before: 0.025513973716412616
  ece_after: 0.030487372645792564
model:
  arch: "tcn"
  ckpt: "/Users/ruzhan/computer_science/Goldsmiths/Final_Project/fall_detection_v2/outputs/caucafall_tcn_W48S12/best.pt"
  model_cfg:
    hidden: 128
    dropout: 0.3
    num_blocks: 4
    kernel: 3
    in_ch: 264
    num_joints: 33
  feat_cfg:
    center: "pelvis"
    use_motion: true
    use_bone: true
    use_bone_length: true
    use_conf_channel: true
    motion_scale_by_fps: true
    conf_gate: 0.2
    use_precomputed_mask: true
