ops:
  OP1:
    tau_high: 0.5799999833106995
    tau_low: 0.45239999890327454
    precision: 0.9090909361839294
    recall: 1.0
    f1: 0.9523809552192688
    fa24h: 440.0999450683594
    mean_delay_s: 2.0659799575805664
    median_delay_s: 1.9999680519104004
    n_gt_events: 10
    n_alert_events: 11
    n_true_alerts: 10
    n_false_alerts: 1
  OP2:
    tau_high: 0.5799999833106995
    tau_low: 0.45239999890327454
    precision: 0.9090909361839294
    recall: 1.0
    f1: 0.9523809552192688
    fa24h: 440.0999450683594
    mean_delay_s: 2.0659799575805664
    median_delay_s: 1.9999680519104004
    n_gt_events: 10
    n_alert_events: 11
    n_true_alerts: 10
    n_false_alerts: 1
  OP3:
    tau_high: 0.7099999785423279
    tau_low: 0.5537999868392944
    precision: 1.0
    recall: 0.20000000298023224
    f1: 0.3333333432674408
    fa24h: 0.0
    mean_delay_s: 2.6899802684783936
    median_delay_s: 2.6899802684783936
    n_gt_events: 10
    n_alert_events: 2
    n_true_alerts: 2
    n_false_alerts: 0
ops_meta:
  picker: "conservative"
  tie_break: "max_thr"
  min_tau_high: 0.2
  op1_recall: 0.95
  op3_fa24h: 1.0
  op2_objective: "f1"
  cost_fn: 5.0
  cost_fp: 1.0
  idx:
    OP1: 57
    OP2: 57
    OP3: 70
  confirm_fallback: "disabled_confirm_after_degenerate_sweep"
alert_cfg:
  ema_alpha: 0.2
  k: 2
  n: 3
  tau_high: 0.5
  tau_low: 0.4
  cooldown_s: 30.0
  confirm: false
  confirm_s: 2.0
  confirm_min_lying: 0.65
  confirm_max_motion: 0.08
  confirm_require_low: true
  start_guard_max_lying: null
  start_guard_prefixes: null
alert_base:
  ema_alpha: 0.2
  k: 2
  n: 3
  tau_high: 0.5
  tau_low: 0.4
  cooldown_s: 30.0
  confirm: false
  confirm_s: 2.0
  confirm_min_lying: 0.65
  confirm_max_motion: 0.08
  confirm_require_low: true
  start_guard_max_lying: null
  start_guard_prefixes: null
sweep_meta:
  n_videos: 13
  total_duration_s: 196.319041572622
  n_fa_videos: 0
  total_duration_s_fa: 0.0
  merge_gap_s: 1.0
  time_mode: "center"
  overlap_slack_s: 0.5
sweep_cfg:
  thr_min: 0.01
  thr_max: 0.95
  thr_step: 0.01
  tau_low_ratio: 0.78
sweep_json: "tcn_le2i_stb_s1337.sweep.json"
calibration:
  method: "temperature"
  T: 1.2659077644348145
  n_val: 365
  nll_before: 0.1830359846353531
  nll_after: 0.17645321786403656
  ece_before: 0.05713940391725572
  ece_after: 0.07153067749720433
model:
  arch: "tcn"
  ckpt: "../../outputs/le2i_tcn_W48S12_stb_s1337/best.pt"
  model_cfg:
    hidden: 128
    dropout: 0.3
    num_blocks: 4
    kernel: 3
    use_tsm: false
    tsm_fold_div: 8
    in_ch: 136
    num_joints: 17
  feat_cfg:
    center: "pelvis"
    use_motion: true
    use_bone: true
    use_bone_length: true
    use_conf_channel: true
    motion_scale_by_fps: true
    conf_gate: 0.2
    use_precomputed_mask: true
