ops:
  OP1:
    tau_high: 0.23000000417232513
    tau_low: 0.1793999969959259
    precision: 0.6829268336296082
    recall: 0.9750000238418579
    f1: 0.8032364845275879
    fa24h: 427.7227783203125
    mean_delay_s: 0.0
    median_delay_s: 0.0
    n_gt_events: 40
    n_alert_events: 41
    n_true_alerts: 28
    n_false_alerts: 13
  OP2:
    tau_high: 0.23000000417232513
    tau_low: 0.1793999969959259
    precision: 0.6829268336296082
    recall: 0.9750000238418579
    f1: 0.8032364845275879
    fa24h: 427.7227783203125
    mean_delay_s: 0.0
    median_delay_s: 0.0
    n_gt_events: 40
    n_alert_events: 41
    n_true_alerts: 28
    n_false_alerts: 13
  OP3:
    tau_high: 0.949999988079071
    tau_low: 0.7409999966621399
    precision: 0.20000000298023224
    recall: 0.10000000149011612
    f1: 0.13333334028720856
    fa24h: 394.8210144042969
    mean_delay_s: 0.0
    median_delay_s: 0.0
    n_gt_events: 40
    n_alert_events: 15
    n_true_alerts: 3
    n_false_alerts: 12
ops_meta:
  picker: "conservative"
  tie_break: "max_thr"
  min_tau_high: 0.2
  op1_recall: 0.95
  op3_fa24h: 1.0
  op2_objective: "f1"
  op1_fa24h_cap: -1.0
  op3_recall_floor: -1.0
  cost_fn: 5.0
  cost_fp: 1.0
  idx:
    OP1: 22
    OP2: 22
    OP3: 94
  confirm_fallback: "disabled_confirm_after_degenerate_sweep"
alert_cfg:
  ema_alpha: 0.2
  k: 2
  n: 3
  tau_high: 0.5
  tau_low: 0.4
  cooldown_s: 30.0
  confirm: false
  confirm_s: 2.0
  confirm_min_lying: 0.65
  confirm_max_motion: 0.08
  confirm_require_low: true
  start_guard_max_lying: null
  start_guard_prefixes: null
alert_base:
  ema_alpha: 0.2
  k: 2
  n: 3
  tau_high: 0.5
  tau_low: 0.4
  cooldown_s: 30.0
  confirm: false
  confirm_s: 2.0
  confirm_min_lying: 0.65
  confirm_max_motion: 0.08
  confirm_require_low: true
  start_guard_max_lying: null
  start_guard_prefixes: null
sweep_meta:
  n_videos: 40
  total_duration_s: 2626.0000000000005
  n_fa_videos: 0
  total_duration_s_fa: 0.0
  merge_gap_s: 1.0
  time_mode: "center"
  overlap_slack_s: 0.5
sweep_cfg:
  thr_min: 0.01
  thr_max: 0.95
  thr_step: 0.01
  tau_low_ratio: 0.78
sweep_json: "gcn_muvim_quick_c1_base.sweep.json"
calibration:
  method: "temperature"
  T: 3.5895698070526123
  n_val: 6445
  nll_before: 3.5658118724823
  nll_after: 1.323744535446167
  ece_before: 0.7575460497670905
  ece_after: 0.6399488375449222
model:
  arch: "gcn"
  ckpt: "../../outputs/muvim_gcn_W48S12_quick/best.pt"
  model_cfg:
    num_joints: 33
    gcn_hidden: 96
    tcn_hidden: 192
    dropout: 0.2
    use_se: true
    two_stream: true
    fuse: "concat"
    use_adaptive_adj: false
    adaptive_adj_embed: 16
    use_ctr_gcn_lite: false
    ctr_rank: 4
    stream_drop_joint_p: 0.0
    stream_drop_motion_p: 0.0
    in_feats_j: 6
    in_feats_m: 2
  feat_cfg:
    center: "pelvis"
    use_motion: true
    use_bone: true
    use_bone_length: true
    use_conf_channel: true
    motion_scale_by_fps: true
    conf_gate: 0.2
    use_precomputed_mask: true
