ops:
  OP1:
    tau_high: 0.2799999713897705
    tau_low: 0.21839997172355652
    precision: 0.6904761791229248
    recall: 1.0
    f1: 0.8169013857841492
    fa24h: 427.7227783203125
    mean_delay_s: 0.0
    median_delay_s: 0.0
    n_gt_events: 40
    n_alert_events: 42
    n_true_alerts: 29
    n_false_alerts: 13
  OP2:
    tau_high: 0.2799999713897705
    tau_low: 0.21839997172355652
    precision: 0.6904761791229248
    recall: 1.0
    f1: 0.8169013857841492
    fa24h: 427.7227783203125
    mean_delay_s: 0.0
    median_delay_s: 0.0
    n_gt_events: 40
    n_alert_events: 42
    n_true_alerts: 29
    n_false_alerts: 13
  OP3:
    tau_high: 0.949999988079071
    tau_low: 0.7409999966621399
    precision: 0.1666666716337204
    recall: 0.05000000074505806
    f1: 0.07692307978868484
    fa24h: 329.01751708984375
    mean_delay_s: 0.0
    median_delay_s: 0.0
    n_gt_events: 40
    n_alert_events: 12
    n_true_alerts: 2
    n_false_alerts: 10
ops_meta:
  picker: "conservative"
  tie_break: "max_thr"
  min_tau_high: 0.2
  op1_recall: 0.95
  op3_fa24h: 1.0
  op2_objective: "f1"
  op1_fa24h_cap: -1.0
  op3_recall_floor: -1.0
  cost_fn: 5.0
  cost_fp: 1.0
  idx:
    OP1: 27
    OP2: 27
    OP3: 94
  confirm_fallback: "disabled_confirm_after_degenerate_sweep"
alert_cfg:
  ema_alpha: 0.2
  k: 2
  n: 3
  tau_high: 0.5
  tau_low: 0.4
  cooldown_s: 30.0
  confirm: false
  confirm_s: 2.0
  confirm_min_lying: 0.75
  confirm_max_motion: 0.06
  confirm_require_low: true
  start_guard_max_lying: 0.85
  start_guard_prefixes: null
alert_base:
  ema_alpha: 0.2
  k: 2
  n: 3
  tau_high: 0.5
  tau_low: 0.4
  cooldown_s: 30.0
  confirm: false
  confirm_s: 2.0
  confirm_min_lying: 0.75
  confirm_max_motion: 0.06
  confirm_require_low: true
  start_guard_max_lying: 0.85
  start_guard_prefixes: null
sweep_meta:
  n_videos: 40
  total_duration_s: 2626.0000000000005
  n_fa_videos: 0
  total_duration_s_fa: 0.0
  merge_gap_s: 1.0
  time_mode: "center"
  overlap_slack_s: 0.5
sweep_cfg:
  thr_min: 0.01
  thr_max: 0.95
  thr_step: 0.01
  tau_low_ratio: 0.78
sweep_json: "tcn_muvim_quick_c4_sg85_s1.sweep.json"
calibration:
  method: "temperature"
  T: 3.5768561363220215
  n_val: 6445
  nll_before: 3.456911325454712
  nll_after: 1.287872314453125
  ece_before: 0.7759353825454396
  ece_after: 0.6366867724965024
model:
  arch: "tcn"
  ckpt: "../../outputs/muvim_tcn_W48S12_quick/best.pt"
  model_cfg:
    hidden: 128
    dropout: 0.2
    num_blocks: 4
    kernel: 3
    use_tsm: false
    tsm_fold_div: 8
    in_ch: 264
    num_joints: 33
  feat_cfg:
    center: "pelvis"
    use_motion: true
    use_bone: true
    use_bone_length: true
    use_conf_channel: true
    motion_scale_by_fps: true
    conf_gate: 0.2
    use_precomputed_mask: true
