ops:
  OP1:
    tau_high: 0.8399999737739563
    tau_low: 0.6552000045776367
    precision: 0.9090909361839294
    recall: 1.0
    f1: 0.9523809552192688
    fa24h: 440.0999450683594
    mean_delay_s: 1.4739863872528076
    median_delay_s: 1.4999756813049316
    n_gt_events: 10
    n_alert_events: 11
    n_true_alerts: 10
    n_false_alerts: 1
  OP2:
    tau_high: 0.8399999737739563
    tau_low: 0.6552000045776367
    precision: 0.9090909361839294
    recall: 1.0
    f1: 0.9523809552192688
    fa24h: 440.0999450683594
    mean_delay_s: 1.4739863872528076
    median_delay_s: 1.4999756813049316
    n_gt_events: 10
    n_alert_events: 11
    n_true_alerts: 10
    n_false_alerts: 1
  OP3:
    tau_high: 0.949999988079071
    tau_low: 0.7409999966621399
    precision: 1.0
    recall: 0.20000000298023224
    f1: 0.3333333432674408
    fa24h: 0.0
    mean_delay_s: 2.209980010986328
    median_delay_s: 2.209980010986328
    n_gt_events: 10
    n_alert_events: 2
    n_true_alerts: 2
    n_false_alerts: 0
ops_meta:
  picker: "conservative"
  tie_break: "max_thr"
  min_tau_high: 0.2
  op1_recall: 0.95
  op3_fa24h: 1.0
  idx:
    OP1: 83
    OP2: 83
    OP3: 94
alert_cfg:
  ema_alpha: 0.5
  k: 2
  n: 3
  tau_high: 0.5
  tau_low: 0.4
  cooldown_s: 30.0
  confirm: false
  confirm_s: 2.0
  confirm_min_lying: 0.65
  confirm_max_motion: 0.08
  confirm_require_low: true
alert_base:
  ema_alpha: 0.5
  k: 2
  n: 3
  tau_high: 0.5
  tau_low: 0.4
  cooldown_s: 30.0
  confirm: false
  confirm_s: 2.0
  confirm_min_lying: 0.65
  confirm_max_motion: 0.08
  confirm_require_low: true
sweep_meta:
  n_videos: 13
  total_duration_s: 196.319041572622
  n_fa_videos: 0
  total_duration_s_fa: 0.0
  merge_gap_s: 1.0
  time_mode: "center"
  overlap_slack_s: 0.5
sweep_cfg:
  thr_min: 0.01
  thr_max: 0.95
  thr_step: 0.01
  tau_low_ratio: 0.78
sweep_json: "configs/ops/tcn_le2i.sweep.json"
calibration:
  method: "temperature"
  T: 1.431118369102478
  n_val: 365
  nll_before: 0.2563750743865967
  nll_after: 0.2393532544374466
  ece_before: 0.09253410232524854
  ece_after: 0.11025709388563572
model:
  arch: "tcn"
  ckpt: "outputs/le2i_tcn_W48S12/best.pt"
  model_cfg:
    hidden: 128
    dropout: 0.3
    num_blocks: 4
    kernel: 3
    in_ch: 264
    num_joints: 33
  feat_cfg:
    center: "pelvis"
    use_motion: true
    use_bone: true
    use_bone_length: true
    use_conf_channel: true
    motion_scale_by_fps: true
    conf_gate: 0.2
    use_precomputed_mask: true
