arch: gcn
val_dir: data/processed/le2i/windows_W48_S12/val
ckpt: outputs/le2i_gcn_W48S12/best.pt
floors:
  op1_recall: 0.95
  op3_recall: 0.9
OP1_high_recall:
  thr: 0.01
  recall_at_thr: 1.0
  precision: 0.17317073170731706
  fpr: 0.9495798319327731
OP2_balanced:
  thr: 0.29000000000000004
  f1: 0.7559055118110236
  precision: 0.8571428571428571
  recall: 0.676056338028169
  fpr: 0.022408963585434174
OP3_low_alarm:
  thr: 0.060000000000000005
  fpr: 0.6050420168067226
  recall_at_thr: 0.9014084507042254
  precision: 0.22857142857142856
