OP1_high_recall:
  thr: 0.451
  recall: 1.0
  precision: 0.16627634660421545
OP2_balanced:
  thr: 0.451
  f1: 0.285140562248996
  precision: 0.16627634660421545
  recall: 1.0
OP3_low_alarm:
  thr: 0.45345
  fpr: 0.9663865546218487
  recall_at_thr: 0.9436619718309859
  precision: 0.16262135922330098
