arch: tcn
val_dir: data/processed/le2i/windows_W48_S12/val
ckpt: outputs/le2i_tcn_W48S12/best.pt
floors:
  op1_recall: 0.95
  op3_recall: 0.9
OP1_high_recall:
  thr: 0.01
  recall_at_thr: 0.8873239436619719
  precision: 0.2680851063829787
  fpr: 0.48179271708683474
OP2_balanced:
  thr: 0.93
  f1: 0.75
  precision: 0.8421052631578947
  recall: 0.676056338028169
  fpr: 0.025210084033613446
OP3_low_alarm:
  thr: 0.99
  fpr: 0.008403361344537815
  recall_at_thr: 0.5492957746478874
  precision: 0.9285714285714286
