OP1_high_recall:
  thr: 0.01
  recall: 1.0
  precision: 0.4863013698630137
OP2_balanced:
  thr: 0.49755
  f1: 0.7133757961783439
  precision: 0.6511627906976745
  recall: 0.7887323943661971
OP3_low_alarm:
  thr: 0.01
  fpr: 1.0
  recall_at_thr: 1.0
  precision: 0.4863013698630137
