OP1_high_recall:
  thr: 0.03205
  recall: 1.0
  precision: 0.6068376068376068
OP2_balanced:
  thr: 0.59555
  f1: 0.8142857142857143
  precision: 0.8260869565217391
  recall: 0.8028169014084507
OP3_low_alarm:
  thr: 0.19375
  fpr: 0.3466666666666667
  recall_at_thr: 0.9014084507042254
  precision: 0.7111111111111111
