arch: gcn
val_dir: data/processed/caucafall/windows_W48_S12/val
ckpt: outputs/caucafall_gcn_W48S12/best.pt
floors:
  op1_recall: 0.95
  op3_recall: 0.9
OP1_high_recall:
  thr: 0.01
  recall_at_thr: 0.9859154929577465
  precision: 0.5691056910569106
  fpr: 0.9464285714285714
OP2_balanced:
  thr: 0.25
  f1: 0.8661417322834646
  precision: 0.9821428571428571
  recall: 0.7746478873239436
  fpr: 0.017857142857142856
OP3_low_alarm:
  thr: 0.03
  fpr: 0.8392857142857143
  recall_at_thr: 0.9295774647887324
  precision: 0.584070796460177
