arch: gcn
val_dir: data/processed/urfd/windows_W48_S12/val
ckpt: outputs/urfd_gcn_W48S12/best.pt
floors:
  op1_recall: 0.95
  op3_recall: 0.9
OP1_high_recall:
  thr: 0.01
  recall_at_thr: 1.0
  precision: 0.31343283582089554
  fpr: 0.8070175438596491
OP2_balanced:
  thr: 0.2
  f1: 0.8333333333333334
  precision: 0.7407407407407407
  recall: 0.9523809523809523
  fpr: 0.12280701754385964
OP3_low_alarm:
  thr: 0.2
  fpr: 0.12280701754385964
  recall_at_thr: 0.9523809523809523
  precision: 0.7407407407407407
