OP1_high_recall:
  thr: 0.4216
  recall: 1.0
  precision: 0.7244350512111851
OP2_balanced:
  thr: 0.42405
  f1: 0.840804001132396
  precision: 0.7254518808011724
  recall: 0.9997755834829444
OP3_low_alarm:
  thr: 0.4363
  fpr: 0.9222156747200942
  recall_at_thr: 0.921903052064632
  precision: 0.72413185263529
