OP1_high_recall:
  thr: 0.4412
  recall: 1.0
  precision: 0.27631578947368424
OP2_balanced:
  thr: 0.4412
  f1: 0.4329896907216495
  precision: 0.27631578947368424
  recall: 1.0
OP3_low_alarm:
  thr: 0.44365
  fpr: 0.9298245614035088
  recall_at_thr: 0.9523809523809523
  precision: 0.273972602739726
