OP1_high_recall:
  thr: 0.01
  recall: 0.9577464788732394
  precision: 0.18528610354223432
OP2_balanced:
  thr: 0.6029
  f1: 0.7299270072992701
  precision: 0.7575757575757576
  recall: 0.704225352112676
OP3_low_alarm:
  thr: 0.108
  fpr: 0.39215686274509803
  recall_at_thr: 0.9014084507042254
  precision: 0.3137254901960784
