arch: tcn
val_dir: data/processed/caucafall/windows_W48_S12/val
ckpt: outputs/caucafall_tcn_W48S12/best.pt
floors:
  op1_recall: 0.95
  op3_recall: 0.9
OP1_high_recall:
  thr: 0.01
  recall_at_thr: 0.9859154929577465
  precision: 0.625
  fpr: 0.75
OP2_balanced:
  thr: 0.68
  f1: 0.9197080291970803
  precision: 0.9545454545454546
  recall: 0.8873239436619719
  fpr: 0.05357142857142857
OP3_low_alarm:
  thr: 0.4
  fpr: 0.14285714285714285
  recall_at_thr: 0.9154929577464789
  precision: 0.8904109589041096
