OP1_high_recall:
  thr: 0.01
  recall: 0.8571428571428571
  precision: 0.36
OP2_balanced:
  thr: 0.8087
  f1: 0.7428571428571429
  precision: 0.9285714285714286
  recall: 0.6190476190476191
OP3_low_alarm:
  thr: 0.8674999999999999
  fpr: 0.0
  recall_at_thr: 0.5714285714285714
  precision: 1.0
