ops:
  OP1:
    tau_high: 0.059999994933605194
    tau_low: 0.04679999500513077
    precision: 1.0
    recall: 0.699999988079071
    f1: 0.8235294222831726
    fa24h: 0.0
    mean_delay_s: 0.5571393966674805
    median_delay_s: 0.4799995422363281
    n_gt_events: 10
    n_alert_events: 7
    n_true_alerts: 7
    n_false_alerts: 0
  OP2:
    tau_high: 0.059999994933605194
    tau_low: 0.04679999500513077
    precision: 1.0
    recall: 0.699999988079071
    f1: 0.8235294222831726
    fa24h: 0.0
    mean_delay_s: 0.5571393966674805
    median_delay_s: 0.4799995422363281
    n_gt_events: 10
    n_alert_events: 7
    n_true_alerts: 7
    n_false_alerts: 0
  OP3:
    tau_high: 0.059999994933605194
    tau_low: 0.04679999500513077
    precision: 1.0
    recall: 0.699999988079071
    f1: 0.8235294222831726
    fa24h: 0.0
    mean_delay_s: 0.5571393966674805
    median_delay_s: 0.4799995422363281
    n_gt_events: 10
    n_alert_events: 7
    n_true_alerts: 7
    n_false_alerts: 0
ops_meta:
  picker: "conservative"
  tie_break: "min_thr"
  min_tau_high: 0.05
  op1_recall: 0.95
  op3_fa24h: 1.0
  idx:
    OP1: 5
    OP2: 5
    OP3: 5
alert_cfg:
  ema_alpha: 0.2
  k: 2
  n: 3
  tau_high: 0.5
  tau_low: 0.4
  cooldown_s: 30.0
  confirm: true
  confirm_s: 3.0
  confirm_min_lying: 0.55
  confirm_max_motion: 0.15
  confirm_require_low: false
alert_base:
  ema_alpha: 0.2
  k: 2
  n: 3
  tau_high: 0.5
  tau_low: 0.4
  cooldown_s: 30.0
  confirm: true
  confirm_s: 3.0
  confirm_min_lying: 0.55
  confirm_max_motion: 0.15
  confirm_require_low: false
sweep_meta:
  n_videos: 13
  total_duration_s: 196.319041572622
  n_fa_videos: 0
  total_duration_s_fa: 0.0
  merge_gap_s: 1.0
  time_mode: "center"
  overlap_slack_s: 0.5
sweep_cfg:
  thr_min: 0.01
  thr_max: 0.95
  thr_step: 0.01
  tau_low_ratio: 0.78
sweep_json: "configs/ops/gcn_le2i.sweep.json"
calibration:
  method: "temperature"
  T: 1.3344659805297852
  n_val: 365
  nll_before: 0.23435954749584198
  nll_after: 0.22297823429107666
  ece_before: 0.07990764398848038
  ece_after: 0.0973375460603402
model:
  arch: "gcn"
  ckpt: "outputs/le2i_gcn_W48S12/best.pt"
  model_cfg:
    num_joints: 33
    gcn_hidden: 96
    tcn_hidden: 192
    dropout: 0.35
    use_se: true
    two_stream: true
    fuse: "concat"
    in_feats_j: 6
    in_feats_m: 2
  feat_cfg:
    center: "pelvis"
    use_motion: true
    use_bone: true
    use_bone_length: true
    use_conf_channel: true
    motion_scale_by_fps: true
    conf_gate: 0.2
    use_precomputed_mask: true
